93440824134
21501181841
54510520574
82544241961
79420479558
07692116741
35720152436
78604027907
05100943822
27410172857
58040687619
04642589501
91910186676
47441648355
92210777221
77421159211
71060491590
69680343818
61912071856
10432629290
76043021301
99921976859
31061516
50588458575
14502137881
20892289624
32502514174
25291179929
9203293382
85620434633
88493010825
17861796191
02900148497
58422738382
33262343943
06101424415
27011769430
84748185737
78522589132
64460953131
77032260746
83084861828
41050761839
87672451954
63311513906
85871840494
31252500770
22211558433
05890661528
52451473748
71481488795
28112546597
15901492755
43691848559
63080691287
83212478692
63032857912
75711029622
86712287054
02810230163
22911780781
99481338247
22901602934
19033067748
55420964498
00251493732
80282589200
02842123143
01352756481
07082908822
04891873673
70502356510
87890970473
02480902504
14462557765
42010633076
21211008511
72051250987
69120381619
12120884514
70521076174
90462578605
8201046002
67440242397
11650377589
13060934741
39502592854
36111137821
87860359389
02873029489
77921850117
14062817106
75720835148
40852723001
70311766042
95290775570
85062792153
16492127451
98481898700
70252786926
15253142447
11672300406
38460342815
45421067611
88870136582
44042193133
72522642183
14122586555
15451028325
55492507340
03521422010
45222836428
19022448239
97292462049
64072778982
17022659509
96311903299
74922029515
84701336761
18720867931
08862711403
98911996307
75441289222
53703103943
59882550695
10121677089
66472076185
21041746289
71621668229
93430934201
60831932448
71311162914
32891100970
00490122310
87922405384
04521494676
57712107985
88692670501
44661564684
94903146107
75111082809
08481377622
87880743311
67082720950
26021147151
02520534764
74103045329
85662835146
98100316178
83301006151
35213157364
79462729693
33111066791
75892562486
98302820778
92062086047
46322913946
49690234996
10501811973
94092090079
22611228466
73011051642
74482486052
31120895274
00082283120
07512251430
05661736477
47640876604
76122339748
71692552014
46460383585
02013146908
14302767534
87612676199
22271547817
03812102065
20642636159
57300647325
25841683870
94682902442
44102819072
29472507758
02880563590
31883155369
47111027889
63683042590
97500220429
63453184202
48X70955017
91024104939
91612543449
39225573089
34621867296
35681940248
04212552746
24921952387
26921204495
99852884340
32850263067
43520864514
47220861527
92o82119598
86242611749
62722343326
20692330898
47213065651
05273147209
90431315P27
04012406056
23242917383
25290346380
68842799377
01442334487
33073049416
80241700239
93710502957
55610629270
05690355175
78812060208
82212889604
90492782494
44121480179
89252847153
45632184531
98673147128
37441471483
04062644871
69631273012
62322922176
86492591037
89833014624
63661772871
47989332447
68701732291
05422360778
78820704992
69412057161
47691100008
41080970661
02482458836
10522942131
89440505476
46840447942
51031727051
51450902189
78262906329
26221823637
96652973735
87422752924
67891304574
36996342615
39081165250
55642678803
05492871200
12482804926
40471219765
60451147112
07320489704
62411321626
80902291672
34872025593
46480183927
00910645571
29242156762
75122346123
60832075944
17061914812
10211844670
24410843536
30702278450
28891239329
76031318627
52212745307
32440361038
79221276011
40522165390
29661771890
24052114782
70102083377
24042304607
74021021351
02220464101
80871639934
63701701524
04662319690
81280691744
69082433904
70891364480
36491507032
85501782747
15451937771
88482288545
75920241585
25042024067
40213157733
32520475019
79237146201
21820364530
40922811447
31431018351
29212237693
49701461572
39260277684
78441588452
47522058805
21242771431
33512003487
63721361786
00850339619
78053077573
86521286196
25822550625
09050172732
83251118988
93082543817
12913083944
04671111799
53442846660
95502056000
66911669460
63460331530
09796777127
03062319107
96260951455
69091991723
12082846096
16251043150
11271435895
82708474156
91281371141
46092138450
45901317770
79443027712
06022728548
96501810426
63281090012
06082907787
95263069651
98621129329
77681098460
18700905974
44857271729
53211452113
42872801112
51460917393
29502213257
86522140404
72310735086
01450638003
72892187785
95092709759
42610694439
90292438085
81520766009
12303191462
94211165494
86040812672
94482324992
94670945707
51882797289
25430960566
47482164545
47311710884
08241936249
99830412882
74611428353
27450129327
10853159204
14082760154
87811431614
41912850970
10920652496
18241473099
74501409095
51211755557
25420455456
74842603606
86900459065
98632369066
08640914215
53920314911
70420306783
32432456751
40100580954
90081815040
33359763140
18501598948
17301043544
87441705604
64692858891
53210880577
38881986809
24281392740
14272954635
11071015796
83452742186
48122694275
75421555518
33101611854
62890134117
98521921195
05010252908
53690561915
26521529945
31680132879
29082663253
56820456026
68281390278
13711395653
15280894319
80061628331
75152110912
73451873741
91082337612
45511548940
63690844080
99310615554
18720427696
87910512115
16061432364
97501721864
59912067498
61682917206
92310130278
86052550996
91890211535
99022146139
27123187960
09862816426
02101540119
21230351919
81231817867
25662594643
37642704429
55101256393
11212831120
06122281530
71460337500
11110716800
82681424511
84212187256
51641286984
76292783844
94100954783
91412953888
31290753907
14082835768
82210995473
57700842043
37230792485
53030363254
51511303144
18251007712
07411761030
34220149155
98261769691
31422675738
62872945564
20901099890
27251186196
63620468894
08702494127
46213063874
67813134265
42920195664
08101556356
69310837030
22022561310
81511357113
67653008421
41012890760
69811257328
28421464946
28861926404
80113092125
66011084837
46451116130
45611147579
67911535443
15311134171
08462372280
92452675770
01621194929
16252580047
07850963880
98945839700
68651312640
40701550907
41642412921
62252494273
60432112794
46911864744
77033188716
13271036977
89671226746
51512170950
88031689036
06480171841
81870661011
33452080588
18240506730
73281107636
77671782391
19253165871
71831170875
32670380605
52720371210
86431814889
89810588410
55103107448
91451823405
46810494880
845;2042138
41882680122
82852445589
83512845727
66512830791
93832508260
20451028409
67682974814
70080468166
88082032562
87871315253
88510524764
89632434777
92422453300
21651045042
60020426624
19492662171
80480485320
35241120912
03681759740
86121623054
69322423652
88860552598
84081306455
68631606220
39720155024
40691214713
26300576865
33120401713
17062195908
45501463615
80631957984
54310583364
14021804206
32630896773
49222074680
06291637837
88112005319
03460136414
87030638102
57032087860
39031597230
59910607920
45112521487
68520892781
76662986307
80710195515
54490625120
87860771750
60691460136
92041782416
85741895238
98081019532
28020591115
90272398657
94670193391
43652115287
85101413140
00663017728
41910944178
46722697005
84420731843
88240197306
67672403410
50501349216
31250330678
03471663644
77650753567
14910191284
80412954791
83821218133
86232521546
24851958550
17322639960
67682000854
21272432791
41631255335
83010575869
60491634184
47650520146
13322841893
02011897943
36690769729
27892828954
25700887698
21660567528
72241037620
99099421733
32681987376
25994768970
87492823081
61022093261
75902086454
99021193675
99262099857
10262853089
41471449802
35861638925
59120802872
98890747954
82473137289
22701492870
46121830472
95041510168
23222772199
62291952330
86721378204
23242257089
10231266760
72262624269
39512965000
99430159758
64917984073
40050537170
75211351054
37812202166
78311317627
58072773740
27850710
11910889980
98211076682
19702483570
13492754182
11851922456
82262958644
74890472609
20986745508
58492015268
94252862820
23911743444
10291688649
74440286711
74092631086
07511120410
06632543445
70090237088
44650933965
97661498985
26242217316
81710576D58
48711610169
83120848479
70261299394
16661414948
73081270686
52470779342
30291413678
70010642314
58092275633
82320119099
10862267754
53412091937
82062406684
31798933810
27660721267
53040152899
43451488881
51852841596
32630852012
94671472660
33821563177
67622132580
34120701543
29720197333
29682243448
28861671496
05241834119
63720741574
48292398278
01892704513
71451287421
16060156579
06653048996
63421856654
57831693934
26041103300
49460359453
69840910803
62891328564
34842824144
31650623855
44851421229
74472737034
20631734963
39251993157
26711700109
21072342463
47010375980
17021620643
32481027959
96691402870
85711776370
46755493946
70451497643
06702121301
76410288639
00212891535
01710736768
54612126696
32612911845
76052781255
17462105594
66030327508
36021775155
48882801078
78522680833
11121584591
90291705559
93711482736
01830610399
03890312543
55032995662
06310795249
75862348625
75113428024
05650641775
35630386738
56381172317
82011937456
88031q73595
46120379530
97081530650
55070970469
64612842337
06430184866
92922083672
56082197486
11721618797
42662991577
94881999146
56810590936
97610352946
73490174496
22661752579
41123056747
67912371002
83260765748
11272354212
35322622544
39313082072
42641716078
34311357267
96872482327
84090105544
68721140711
29252088491
42862813499
84122625440
955750194
29102202459
80282609340
39260663029
61030167532
58671865375
36842846405
87670715270
95501327202
28640518095
72100593272
93650193422
75840474368
14012218841
01461946074
17480665249
17890911138
25490361042
49221821788
71222761288
04280760030
67649365765
55811087197
29250848824
22412424320
79902510917
82091477291
15221835372
91062193361
73402508311
24702985351
38192599240
96251672855
49412874674
02500822022
56711948094
83672387459
37492043437
50040304769
19410686939
57831562255
14480413063
38882388761
88012333109
61671369539
37921120267
59820999225
05504975630
87091668632
25890629829
49921609152
77851021007
75452772968
92290358547
40051308887
60710852177
40302563504
35822221489
69911402974
56450815381
30882783423
46022384694
94702321716
79042016816
77861786291
48411198082
53242744696
37861024975
53680942740
02920386868
01242992564
07442278267
03832914181
09432856973
27320492684
29633130043
30632520922
24011473824
94610516811
70904422422
37710772932
01882218637
52359608493
65621550770
82063021440
89862228988
19080150286
42312184263
61491298B10
39722647781
88120282958
21841216821
55071277350
43490666462
01232635437
33510693310
37451107051
32811975257
76431262126
51320700064
01822848694
67651818477
95282901859
11621991501
50862788776
25462457528
98831784369
82021420360
97260705426
47031065598
14470218653
17811454054
86631262608
05242988886
94422835476
32240688098
84122522341
02710877833
90312383731
62090219393
71310728638
08610784958
90422758012
64702159842
23870969239
48290210882
17432543018
97270728266
13461929289
61092143321
11061139457
91923142463
50230353102
82396277840
84620380975
64721724201
30892776547
89481162926
59913065242
64241014961
73321685319
54841255301
27302955878
35231873932
89280275672
76073197482
29252798646
27422857076
80712898904
02522070697
60251676515
29624950098
99822051585
18092367053
43102600055
97070793443
54900783617
81710785757
79311148934
66691299613
14062596931
26412301553
20892885943
35253092450
78432439435
01251784738
66472837258
74621443386
22862834115
20702127120
18273008515
90081566465
73431601711
11641941362
17661963951
99450348026
32500542654
42122010099
70243042844
22490964664
57612781159
03210915474
50501688812
48010484528
50512779213
14010598879
52061358398
59250123494
63461814517
86080483335
04221920301
58861333881
34300524993
97681505180
47291818655
78641850971
60211232173
25220971747
88673121172
59911551204
07861799171
66860562353
74661230458
51262326333
00810562208
52031594380
56482731400
38843047557
65631165917
42862639510
71911308983
30011073827
83830911925
94450473077
65862415249
94022676688
06431753317
53612357440
61412788607
53451788808
93321658090
11842058104
14301209855
02262400491
47052529947
19632904046
92652374767
51521271585
34042738614
98680918083
13492183478
55810898518
97121305403
83700849773
99520330926
26620737128
36062318357
61869914125
18482699506
99922660001
